2 100
51
100 10 100
200 1 29 10 10
200 3 5 75 85
200 6 6 93 178
200 9 62 13 191
200 12 14 22 203
200 13 39 47 175
200 14 11 69 244
200 15 6 93 337
300 20 138
200 22 15 41 179
200 24 51 39 155
200 27 4 94 174
200 29 17 39 213
200 32 1 94 266
200 33 1 86 352
300 36 216
300 37 122
300 39 39
200 41 28 22 61
200 44 6 42 64
200 45 28 66 130
200 48 5 16 146
200 51 17 76 200
300 58 0
200 59 7 93 93
200 60 21 64 157
200 62 0 18 175
200 65 5 65 240
300 67 140
200 69 0 60 200
200 71 0 20 156
200 74 8 69 214
200 75 9 47 196
200 77 1 58 254
300 83 98
200 85 48 45 96
300 91 0
300 95 0
200 96 20 21 21
200 99 54 24 45
200 100 13 79 124
200 101 26 65 189
300 110 0
200 111 48 22 22
200 112 25 53 75
300 118 22
200 120 18 54 76
200 121 7 74 150
300 128 54
200 129 17 79 133
2
100 10 100
200 2 15 22 22
200 5 9 22 44
200 7 9 77 121
200 10 18 66 187
200 13 6 88 253
200 14 12 66 319
200 15 17 76 373
300 22 142
300 27 0
200 28 39 12 12
200 30 60 28 40
200 31 0 90 130
200 33 4 69 199
200 35 9 81 280
200 36 3 85 365
200 39 10 81 434
200 40 30 41 447
200 41 2 86 443
300 50 0
300 56 0
300 57 0
200 59 2 98 98
200 61 54 3 101
200 62 6 90 191
200 63 9 50 241
300 66 143
200 68 6 89 232
200 69 55 41 273
200 72 30 68 248
200 73 12 5 203
200 75 7 24 227
200 76 36 31 258
300 82 5
300 92 0
200 94 18 69 69
200 95 94 4 73
300 99 0
200 101 70 11 11
300 105 0
200 106 53 16 16
200 108 18 59 75
200 110 8 74 149
200 111 6 91 240
200 113 3 86 326
200 115 61 18 344
200 116 8 16 344
300 120 117
300 122 34
200 124 21 30 64
200 127 83 14 44