1 100
36
100 20 3 1 2 0 1 2 1 2 1 1 1 2 0 1 0 2 0 1 0 0 26 67 96 45 53 92 58 75 18 18 30 81 49 54 100 59 90 6 94 
500 6 16 542
400 0 267 405
400 1 300 480
500 11 15 297
500 2 3 100
500 11 6 217
500 1 18 1065
500 11 13 141
500 1 12 680
500 14 1 793
300 6 54
500 0 12 706
400 0 241 379
400 2 241 284
300 1 26
300 14 70
500 18 19 92
300 6 36
500 6 19 710
500 10 15 286
300 18 13
300 15 8
300 6 40
300 6 10
300 4 94
500 13 17 235
500 13 19 253
500 14 13 52
500 18 13 240
500 9 1 491
500 11 19 389
500 17 2 885
300 0 21
400 2 251 221
500 13 12 57